time1.txt 455 55715 .0081665619
time10.txt 444 51148 .0086806913
time11.txt 444 51024 .0087017873
time12.txt 444 51022 .0087021284
time13.txt 414 50969 .0081225843
time14.txt 347 50772 .0068344756
time15.txt 347 50764 .0068355527
time16.txt 349 50763 .0068750861
time17.txt 345 50750 .0067980295
time18.txt 344 50704 .0067844745
time19.txt 329 50542 .0065094376
time2.txt 455 55713 .0081668551
time20.txt 328 50539 .0064900373
time21.txt 328 50455 .0065008423
time22.txt 328 50195 .0065345153
time23.txt 328 50167 .0065381625
time24.txt 321 50153 .0064004147
time25.txt 260 49702 .0052311778
time26.txt 257 49693 .0051717545
time27.txt 255 48385 .0052702283
time3.txt 455 55706 .0081678813
time4.txt 454 55685 .0081530035
time5.txt 454 55256 .0082163023
time6.txt 453 55211 .0082048867
time7.txt 452 51080 .0088488645
time8.txt 450 51160 .0087959343
time9.txt 450 51159 .0087961062
