chart1.txt 704 13861 .0507899862
chart10.txt 574 11406 .0503243906
chart11.txt 574 11400 .0503508771
chart12.txt 572 11386 .0502371333
chart13.txt 557 11351 .0490705664
chart14.txt 573 11339 .0505335567
chart16.txt 569 11332 .0502117896
chart17.txt 568 10987 .0516974606
chart18.txt 568 10980 .0517304189
chart19.txt 571 10985 .0519799726
chart2.txt 698 13848 .0504043905
chart20.txt 565 10488 .0538710907
chart21.txt 564 10464 .0538990825
chart22.txt 563 10455 .0538498326
chart23.txt 559 10384 .0538328197
chart24.txt 557 10350 .0538164251
chart25.txt 556 10340 .0537717601
chart26.txt 531 10159 .0522689241
chart3.txt 698 13821 .0505028579
chart4.txt 683 13583 .0502834425
chart5.txt 614 12550 .0489243027
chart6.txt 583 11604 .0502412961
chart7.txt 577 11422 .0505165470
chart8.txt 577 11422 .0505165470
chart9.txt 577 11421 .0505209701
