chart1.txt 198 13861 .0142846836
chart10.txt 162 11406 .0142030510
chart11.txt 162 11400 .0142105263
chart12.txt 162 11386 .0142279992
chart13.txt 155 11351 .0136551845
chart14.txt 155 11339 .0136696357
chart16.txt 155 11332 .0136780797
chart17.txt 155 10987 .0141075816
chart18.txt 155 10980 .0141165755
chart19.txt 155 10985 .0141101502
chart2.txt 198 13848 .0142980935
chart20.txt 154 10488 .0146834477
chart21.txt 154 10464 .0147171253
chart22.txt 154 10455 .0147297943
chart23.txt 154 10384 .0148305084
chart24.txt 154 10350 .0148792270
chart25.txt 154 10340 .0148936170
chart26.txt 144 10159 .0141746234
chart3.txt 198 13821 .0143260256
chart4.txt 192 13583 .0141353162
chart5.txt 171 12550 .0136254980
chart6.txt 168 11604 .0144777662
chart7.txt 166 11422 .0145333566
chart8.txt 166 11422 .0145333566
chart9.txt 166 11421 .0145346291
