chart1.txt 365 13861 .0263328764
chart10.txt 294 11406 .0257759074
chart11.txt 294 11400 .0257894736
chart12.txt 294 11386 .0258211839
chart13.txt 281 11351 .0247555281
chart14.txt 293 11339 .0258400211
chart16.txt 293 11332 .0258559830
chart17.txt 287 10987 .0261217802
chart18.txt 287 10980 .0261384335
chart19.txt 286 10985 .0260355029
chart2.txt 365 13848 .0263575967
chart20.txt 284 10488 .0270785659
chart21.txt 284 10464 .0271406727
chart22.txt 284 10455 .0271640363
chart23.txt 283 10384 .0272534668
chart24.txt 282 10350 .0272463768
chart25.txt 282 10340 .0272727272
chart26.txt 274 10159 .0269711585
chart3.txt 365 13821 .0264090876
chart4.txt 357 13583 .0262828535
chart5.txt 329 12550 .0262151394
chart6.txt 302 11604 .0260255084
chart7.txt 295 11422 .0258273507
chart8.txt 295 11422 .0258273507
chart9.txt 295 11421 .0258296121
