chart1.txt 608 13861 .0438640790
chart10.txt 487 11406 .0426968262
chart11.txt 487 11400 .0427192982
chart12.txt 485 11386 .0425961707
chart13.txt 467 11351 .0411417496
chart14.txt 486 11339 .0428609224
chart16.txt 484 11332 .0427109071
chart17.txt 481 10987 .0437790115
chart18.txt 481 10980 .0438069216
chart19.txt 483 10985 .0439690487
chart2.txt 608 13848 .0439052570
chart20.txt 478 10488 .0455758962
chart21.txt 477 10464 .0455848623
chart22.txt 477 10455 .0456241032
chart23.txt 476 10384 .0458397534
chart24.txt 475 10350 .0458937198
chart25.txt 475 10340 .0459381044
chart26.txt 461 10159 .0453784821
chart3.txt 608 13821 .0439910281
chart4.txt 596 13583 .0438783773
chart5.txt 543 12550 .0432669322
chart6.txt 498 11604 .0429162357
chart7.txt 492 11422 .0430747679
chart8.txt 492 11422 .0430747679
chart9.txt 492 11421 .0430785395
