chart1.txt 1636 13861 .1180290022
chart10.txt 1320 11406 .1157285639
chart11.txt 1319 11400 .1157017543
chart12.txt 1319 11386 .1158440189
chart13.txt 1311 11351 .1154964320
chart14.txt 1318 11339 .1162359996
chart16.txt 1303 11332 .1149841157
chart17.txt 1247 10987 .1134977700
chart18.txt 1242 10980 .1131147540
chart19.txt 1242 10985 .1130632680
chart2.txt 1634 13848 .1179953783
chart20.txt 1195 10488 .1139397406
chart21.txt 1190 10464 .1137232415
chart22.txt 1190 10455 .1138211382
chart23.txt 1180 10384 .1136363636
chart24.txt 1175 10350 .1135265700
chart25.txt 1174 10340 .1135396518
chart26.txt 1155 10159 .1136922925
chart3.txt 1633 13821 .1181535344
chart4.txt 1598 13583 .1176470588
chart5.txt 1459 12550 .1162549800
chart6.txt 1338 11604 .1153050672
chart7.txt 1329 11422 .1163544037
chart8.txt 1329 11422 .1163544037
chart9.txt 1327 11421 .1161894755
