chart1.txt 158 13861 .0113988889
chart10.txt 140 11406 .0122742416
chart11.txt 140 11400 .0122807017
chart12.txt 140 11386 .0122958018
chart13.txt 133 11351 .0117170293
chart14.txt 133 11339 .0117294294
chart16.txt 133 11332 .0117366749
chart17.txt 132 10987 .0120141985
chart18.txt 131 10980 .0119307832
chart19.txt 131 10985 .0119253527
chart2.txt 158 13848 .0114095898
chart20.txt 131 10488 .0124904652
chart21.txt 131 10464 .0125191131
chart22.txt 131 10455 .0125298900
chart23.txt 131 10384 .0126155624
chart24.txt 131 10350 .0126570048
chart25.txt 131 10340 .0126692456
chart26.txt 126 10159 .0124027955
chart3.txt 158 13821 .0114318790
chart4.txt 158 13583 .0116321872
chart5.txt 146 12550 .0116334661
chart6.txt 145 11604 .0124956911
chart7.txt 143 11422 .0125196988
chart8.txt 143 11422 .0125196988
chart9.txt 143 11421 .0125207950
