chart1.txt 147 13861 .0106052954
chart10.txt 130 11406 .0113975100
chart11.txt 130 11400 .0114035087
chart12.txt 130 11386 .0114175303
chart13.txt 124 11351 .0109241476
chart14.txt 124 11339 .0109357086
chart16.txt 124 11332 .0109424638
chart17.txt 125 10987 .0113770820
chart18.txt 124 10980 .0112932604
chart19.txt 124 10985 .0112881201
chart2.txt 147 13848 .0106152512
chart20.txt 124 10488 .0118230358
chart21.txt 124 10464 .0118501529
chart22.txt 124 10455 .0118603538
chart23.txt 124 10384 .0119414483
chart24.txt 124 10350 .0119806763
chart25.txt 124 10340 .0119922630
chart26.txt 119 10159 .0117137513
chart3.txt 147 13821 .0106359887
chart4.txt 146 13583 .0107487300
chart5.txt 133 12550 .0105976095
chart6.txt 134 11604 .0115477421
chart7.txt 132 11422 .0115566450
chart8.txt 131 11422 .0114690947
chart9.txt 131 11421 .0114700989
