chart1.txt 894 13861 .0644975110
chart10.txt 704 11406 .0617219007
chart11.txt 704 11400 .0617543859
chart12.txt 703 11386 .0617424907
chart13.txt 688 11351 .0606113998
chart14.txt 704 11339 .0620866037
chart16.txt 699 11332 .0616837274
chart17.txt 698 10987 .0635296259
chart18.txt 698 10980 .0635701275
chart19.txt 696 10985 .0633591260
chart2.txt 890 13848 .0642692085
chart20.txt 683 10488 .0651220442
chart21.txt 682 10464 .0651758409
chart22.txt 682 10455 .0652319464
chart23.txt 678 10384 .0652927580
chart24.txt 675 10350 .0652173913
chart25.txt 675 10340 .0652804642
chart26.txt 657 10159 .0646717196
chart3.txt 890 13821 .0643947615
chart4.txt 865 13583 .0636825443
chart5.txt 780 12550 .0621513944
chart6.txt 714 11604 .0615305067
chart7.txt 705 11422 .0617229907
chart8.txt 705 11422 .0617229907
chart9.txt 705 11421 .0617283950
