chart1.txt 1034 13861 .0745977923
chart10.txt 814 11406 .0713659477
chart11.txt 814 11400 .0714035087
chart12.txt 813 11386 .0714034779
chart13.txt 798 11351 .0703021760
chart14.txt 816 11339 .0719640179
chart16.txt 807 11332 .0712142605
chart17.txt 802 10987 .0729953581
chart18.txt 800 10980 .0728597449
chart19.txt 802 10985 .0730086481
chart2.txt 1028 13848 .0742345465
chart20.txt 782 10488 .0745614035
chart21.txt 780 10464 .0745412844
chart22.txt 780 10455 .0746054519
chart23.txt 775 10384 .0746340523
chart24.txt 772 10350 .0745893719
chart25.txt 772 10340 .0746615087
chart26.txt 753 10159 .0741214686
chart3.txt 1028 13821 .0743795673
chart4.txt 997 13583 .0734005742
chart5.txt 906 12550 .0721912350
chart6.txt 828 11604 .0713547052
chart7.txt 819 11422 .0717037296
chart8.txt 817 11422 .0715286289
chart9.txt 815 11421 .0713597758
