chart1.txt 786 13861 .0567058653
chart10.txt 631 11406 .0553217604
chart11.txt 631 11400 .0553508771
chart12.txt 628 11386 .0551554540
chart13.txt 613 11351 .0540040525
chart14.txt 630 11339 .0555604550
chart16.txt 627 11332 .0553300388
chart17.txt 628 10987 .0571584599
chart18.txt 628 10980 .0571948998
chart19.txt 627 10985 .0570778334
chart2.txt 783 13848 .0565424610
chart20.txt 619 10488 .0590198321
chart21.txt 617 10464 .0589640672
chart22.txt 616 10455 .0589191774
chart23.txt 611 10384 .0588405238
chart24.txt 611 10350 .0590338164
chart25.txt 611 10340 .0590909090
chart26.txt 583 10159 .0573875381
chart3.txt 783 13821 .0566529194
chart4.txt 763 13583 .0561731576
chart5.txt 687 12550 .0547410358
chart6.txt 642 11604 .0553257497
chart7.txt 634 11422 .0555069164
chart8.txt 634 11422 .0555069164
chart9.txt 634 11421 .0555117765
