chart1.txt 651 13861 .0469663083
chart10.txt 527 11406 .0462037524
chart11.txt 527 11400 .0462280701
chart12.txt 525 11386 .0461092569
chart13.txt 507 11351 .0446656682
chart14.txt 528 11339 .0465649528
chart16.txt 525 11332 .0463289798
chart17.txt 524 10987 .0476927277
chart18.txt 524 10980 .0477231329
chart19.txt 528 10985 .0480655439
chart2.txt 651 13848 .0470103986
chart20.txt 523 10488 .0498665141
chart21.txt 523 10464 .0499808868
chart22.txt 522 10455 .0499282639
chart23.txt 519 10384 .0499807395
chart24.txt 519 10350 .0501449275
chart25.txt 519 10340 .0501934235
chart26.txt 499 10159 .0491190077
chart3.txt 651 13821 .0471022357
chart4.txt 637 13583 .0468968563
chart5.txt 577 12550 .0459760956
chart6.txt 536 11604 .0461909686
chart7.txt 530 11422 .0464016809
chart8.txt 530 11422 .0464016809
chart9.txt 530 11421 .0464057438
