chart1.txt 117 13861 .0084409494
chart10.txt 105 11406 .0092056812
chart11.txt 105 11400 .0092105263
chart12.txt 105 11386 .0092218513
chart13.txt 105 11351 .0092502863
chart14.txt 105 11339 .0092600758
chart16.txt 105 11332 .0092657959
chart17.txt 105 10987 .0095567488
chart18.txt 105 10980 .0095628415
chart19.txt 105 10985 .0095584888
chart2.txt 117 13848 .0084488734
chart20.txt 105 10488 .0100114416
chart21.txt 105 10464 .0100344036
chart22.txt 105 10455 .0100430416
chart23.txt 105 10384 .0101117103
chart24.txt 105 10350 .0101449275
chart25.txt 105 10340 .0101547388
chart26.txt 103 10159 .0101387931
chart3.txt 117 13821 .0084653787
chart4.txt 115 13583 .0084664654
chart5.txt 107 12550 .0085258964
chart6.txt 107 11604 .0092209582
chart7.txt 105 11422 .0091927858
chart8.txt 105 11422 .0091927858
chart9.txt 105 11421 .0091935907
