chart1.txt 1295 13861 .0934276026
chart10.txt 1043 11406 .0914431001
chart11.txt 1043 11400 .0914912280
chart12.txt 1042 11386 .0915158967
chart13.txt 1033 11351 .0910051977
chart14.txt 1042 11339 .0918952288
chart16.txt 1039 11332 .0916872573
chart17.txt 978 10987 .0890142896
chart18.txt 977 10980 .0889799635
chart19.txt 976 10985 .0888484296
chart2.txt 1293 13848 .0933708838
chart20.txt 948 10488 .0903890160
chart21.txt 945 10464 .0903096330
chart22.txt 945 10455 .0903873744
chart23.txt 938 10384 .0903312788
chart24.txt 935 10350 .0903381642
chart25.txt 935 10340 .0904255319
chart26.txt 910 10159 .0895757456
chart3.txt 1290 13821 .0933362274
chart4.txt 1256 13583 .0924685268
chart5.txt 1140 12550 .0908366533
chart6.txt 1052 11604 .0906583936
chart7.txt 1046 11422 .0915776571
chart8.txt 1044 11422 .0914025564
chart9.txt 1043 11421 .0913230014
