chart1.txt 274 13861 .0197676935
chart10.txt 220 11406 .0192880939
chart11.txt 220 11400 .0192982456
chart12.txt 220 11386 .0193219743
chart13.txt 215 11351 .0189410624
chart14.txt 218 11339 .0192256812
chart16.txt 218 11332 .0192375573
chart17.txt 217 10987 .0197506143
chart18.txt 215 10980 .0195810564
chart19.txt 215 10985 .0195721438
chart2.txt 274 13848 .0197862507
chart20.txt 214 10488 .0204042715
chart21.txt 214 10464 .0204510703
chart22.txt 214 10455 .0204686752
chart23.txt 214 10384 .0206086286
chart24.txt 214 10350 .0206763285
chart25.txt 214 10340 .0206963249
chart26.txt 208 10159 .0204744561
chart3.txt 274 13821 .0198249041
chart4.txt 269 13583 .0198041669
chart5.txt 246 12550 .0196015936
chart6.txt 226 11604 .0194760427
chart7.txt 221 11422 .0193486254
chart8.txt 221 11422 .0193486254
chart9.txt 221 11421 .0193503195
