lang1.txt 138 5176 .0266615146
lang10.txt 138 4986 .0276774969
lang11.txt 121 4953 .0244296386
lang12.txt 121 4951 .0244395071
lang13.txt 121 4951 .0244395071
lang14.txt 73 4583 .0159284311
lang15.txt 73 4514 .0161719096
lang16.txt 71 4474 .0158694680
lang17.txt 71 4385 .0161915621
lang18.txt 71 4384 .0161952554
lang19.txt 71 4348 .0163293468
lang2.txt 138 5168 .0267027863
lang20.txt 71 4347 .0163331032
lang21.txt 68 4226 .0160908660
lang22.txt 67 4362 .0153599266
lang23.txt 67 4361 .0153634487
lang24.txt 67 4356 .0153810835
lang25.txt 67 4340 .0154377880
lang26.txt 66 4221 .0156361051
lang27.txt 66 4209 .0156806842
lang28.txt 62 4093 .0151478133
lang29.txt 62 4087 .0151700513
lang3.txt 138 5175 .0266666666
lang30.txt 58 3837 .0151159760
lang31.txt 58 3829 .0151475581
lang32.txt 57 3744 .0152243589
lang33.txt 56 3744 .0149572649
lang34.txt 56 3717 .0150659133
lang35.txt 54 3738 .0144462279
lang36.txt 49 3705 .0132253711
lang37.txt 49 3823 .0128171592
lang38.txt 49 3796 .0129083245
lang39.txt 49 3787 .0129390018
lang4.txt 145 5164 .0280790085
lang40.txt 50 3882 .0128799587
lang41.txt 50 3857 .0129634430
lang42.txt 47 4087 .0114998776
lang43.txt 47 4085 .0115055079
lang48.txt 32 3775 .0084768211
lang49.txt 32 3742 .0085515766
lang5.txt 145 5154 .0281334885
lang50.txt 36 3921 .0091813312
lang51.txt 32 3687 .0086791429
lang52.txt 32 3687 .0086791429
lang53.txt 32 3676 .0087051142
lang54.txt 32 3654 .0087575259
lang55.txt 32 3652 .0087623220
lang56.txt 32 3598 .0088938299
lang58.txt 32 3590 .0089136490
lang59.txt 27 3587 .0075271814
lang6.txt 145 5122 .0283092541
lang60.txt 27 3582 .0075376884
lang61.txt 27 3580 .0075418994
lang62.txt 27 3579 .0075440067
lang63.txt 26 3568 .0072869955
lang64.txt 26 3546 .0073322053
lang65.txt 33 3483 .0094745908
lang7.txt 145 5102 .0284202273
lang8.txt 137 5001 .0273945210
lang9.txt 138 4990 .0276553106
