lang1.txt 128 5176 .0247295208
lang10.txt 128 4986 .0256718812
lang11.txt 105 4953 .0211992731
lang12.txt 105 4951 .0212078368
lang13.txt 105 4951 .0212078368
lang14.txt 64 4583 .0139646519
lang15.txt 63 4514 .0139565795
lang16.txt 62 4474 .0138578453
lang17.txt 62 4385 .0141391106
lang18.txt 62 4384 .0141423357
lang19.txt 62 4348 .0142594296
lang2.txt 128 5168 .0247678018
lang20.txt 62 4347 .0142627099
lang21.txt 59 4226 .0139611926
lang22.txt 58 4362 .0132966529
lang23.txt 58 4361 .0132997019
lang24.txt 58 4356 .0133149678
lang25.txt 58 4340 .0133640552
lang26.txt 57 4221 .0135039090
lang27.txt 57 4209 .0135424091
lang28.txt 53 4093 .0129489372
lang29.txt 53 4087 .0129679471
lang3.txt 128 5175 .0247342995
lang30.txt 50 3837 .0130310138
lang31.txt 50 3829 .0130582397
lang32.txt 50 3744 .0133547008
lang33.txt 49 3744 .0130876068
lang34.txt 49 3717 .0131826741
lang35.txt 47 3738 .0125735687
lang36.txt 43 3705 .0116059379
lang37.txt 43 3823 .0112477112
lang38.txt 43 3796 .0113277133
lang39.txt 43 3787 .0113546342
lang4.txt 135 5164 .0261425251
lang40.txt 44 3882 .0113343637
lang41.txt 44 3857 .0114078299
lang42.txt 42 4087 .0102764864
lang43.txt 42 4085 .0102815177
lang48.txt 27 3775 .0071523178
lang49.txt 27 3742 .0072153928
lang5.txt 135 5154 .0261932479
lang50.txt 31 3921 .0079061463
lang51.txt 27 3687 .0073230268
lang52.txt 27 3687 .0073230268
lang53.txt 27 3676 .0073449401
lang54.txt 27 3654 .0073891625
lang55.txt 27 3652 .0073932092
lang56.txt 26 3598 .0072262367
lang58.txt 26 3590 .0072423398
lang59.txt 19 3587 .0052969054
lang6.txt 135 5122 .0263568918
lang60.txt 19 3582 .0053042992
lang61.txt 19 3580 .0053072625
lang62.txt 19 3579 .0053087454
lang63.txt 19 3568 .0053251121
lang64.txt 19 3546 .0053581500
lang65.txt 27 3483 .0077519379
lang7.txt 135 5102 .0264602116
lang8.txt 128 5001 .0255948810
lang9.txt 128 4990 .0256513026
