lang1.txt 91 5176 .0175811437
lang10.txt 87 4986 .0174488567
lang11.txt 73 4953 .0147385422
lang12.txt 73 4951 .0147444960
lang13.txt 73 4951 .0147444960
lang14.txt 45 4583 .0098188959
lang15.txt 45 4514 .0099689853
lang16.txt 44 4474 .0098345999
lang17.txt 44 4385 .0100342075
lang18.txt 44 4384 .0100364963
lang19.txt 44 4348 .0101195952
lang2.txt 91 5168 .0176083591
lang20.txt 44 4347 .0101219231
lang21.txt 44 4226 .0104117368
lang22.txt 43 4362 .0098578633
lang23.txt 43 4361 .0098601238
lang24.txt 43 4356 .0098714416
lang25.txt 43 4340 .0099078341
lang26.txt 42 4221 .0099502487
lang27.txt 42 4209 .0099786172
lang28.txt 40 4093 .0097727827
lang29.txt 40 4087 .0097871299
lang3.txt 91 5175 .0175845410
lang30.txt 40 3837 .0104248110
lang31.txt 40 3829 .0104465917
lang32.txt 40 3744 .0106837606
lang33.txt 40 3744 .0106837606
lang34.txt 40 3717 .0107613666
lang35.txt 37 3738 .0098983413
lang36.txt 33 3705 .0089068825
lang37.txt 33 3823 .0086319644
lang38.txt 33 3796 .0086933614
lang39.txt 33 3787 .0087140216
lang4.txt 98 5164 .0189775367
lang40.txt 34 3882 .0087583719
lang41.txt 34 3857 .0088151413
lang42.txt 31 4087 .0075850256
lang43.txt 31 4085 .0075887392
lang48.txt 20 3775 .0052980132
lang49.txt 20 3742 .0053447354
lang5.txt 98 5154 .0190143577
lang50.txt 22 3921 .0056108135
lang51.txt 20 3687 .0054244643
lang52.txt 20 3687 .0054244643
lang53.txt 20 3676 .0054406964
lang54.txt 20 3654 .0054734537
lang55.txt 20 3652 .0054764512
lang56.txt 19 3598 .0052807115
lang58.txt 19 3590 .0052924791
lang59.txt 12 3587 .0033454139
lang6.txt 98 5122 .0191331511
lang60.txt 12 3582 .0033500837
lang61.txt 12 3580 .0033519553
lang62.txt 12 3579 .0033528918
lang63.txt 12 3568 .0033632286
lang64.txt 12 3546 .0033840947
lang65.txt 18 3483 .0051679586
lang7.txt 98 5102 .0192081536
lang8.txt 91 5001 .0181963607
lang9.txt 87 4990 .0174348697
